linear
100
0.000000,
0.408613,
0.750440,
1.036397,
1.275616,
1.475736,
1.643147,
1.783196,
1.900354,
1.998363,
2.080354,
2.148943,
2.206322,
2.254322,
2.294477,
2.328069,
2.356171,
2.379679,
2.399345,
2.415797,
2.429560,
2.441074,
2.450706,
2.458763,
2.465504,
2.471144,
2.475861,
2.479808,
2.483111,
2.485874,
2.488185,
2.490120,
2.491739,
2.493094,
2.494228,
2.495179,
2.495975,
2.496643,
2.497203,
2.497675,
2.498072,
2.498407,
2.498692,
2.498934,
2.499143,
2.499324,
2.499484,
2.499628,
2.499759,
2.499883,
2.500003,
2.500123,
2.500247,
2.500379,
2.500523,
2.500684,
2.500866,
2.501076,
2.501321,
2.501608,
2.501946,
2.502346,
2.502821,
2.503387,
2.504060,
2.504863,
2.505822,
2.506966,
2.508333,
2.509966,
2.511917,
2.514248,
2.517035,
2.520366,
2.524347,
2.529105,
2.534793,
2.541592,
2.549719,
2.559434,
2.571047,
2.584928,
2.601522,
2.621358,
2.645069,
2.673412,
2.707294,
2.747795,
2.796209,
2.854082,
2.923262,
3.005959,
3.104813,
3.222981,
3.364236,
3.533089,
3.734933,
3.976213,
4.264635,
4.609407,
5.021541,
